[gd_scene load_steps=10 format=3 uid="uid://chkce80kniyxx"]

[ext_resource type="PackedScene" path="res://Networking/NetworkEventHandler.tscn" id="1"]
[ext_resource type="PackedScene" uid="uid://dxvyrk6p27rla" path="res://Prefabs/Dev/1x1Cube.tscn" id="2"]
[ext_resource type="PackedScene" uid="uid://c8t44ryxewlpm" path="res://Player/PlayerPawn.tscn" id="3"]
[ext_resource type="PackedScene" uid="uid://bfuj81lqirbrw" path="res://Prefabs/Terrain/Terrain.tscn" id="4"]
[ext_resource type="PackedScene" uid="uid://ddo6g75jtesqw" path="res://Prefabs/Terrain/Rocks/DesertRockTerrace.tscn" id="5"]
[ext_resource type="PackedScene" uid="uid://dy2n1vi60yg62" path="res://Prefabs/Buildings/Lobby/LobbyGeometryScene.tscn" id="6"]
[ext_resource type="PackedScene" path="res://Prefabs/Objects/ObjectiveBoard.tscn" id="7"]
[ext_resource type="Script" path="res://global.gd" id="8"]

[sub_resource type="Environment" id="1"]
background_mode = 3
background_color = Color(0.12549, 0.560784, 0.74902, 1)
sky_custom_fov = 74.0
ambient_light_color = Color(1, 1, 1, 1)
ambient_light_energy = 0.1

[node name="Root" type="WorldEnvironment"]
environment = SubResource("1")
script = ExtResource("8")

[node name="DirectionalLight3D2" type="DirectionalLight3D" parent="."]
transform = Transform3D(0.933517, -0.358029, 0.0190319, 0.02789, 0.0195934, -0.999419, 0.357448, 0.933505, 0.0282762, -1.64079, 15.2468, 1.12044)
light_color = Color(0.901961, 0.92549, 1, 1)
light_energy = 0.477

[node name="DirectionalLight3D" type="DirectionalLight3D" parent="."]
transform = Transform3D(0.999172, -0.0266321, 0.0307634, -0.0317649, -0.0380343, 0.998771, -0.0254293, -0.998921, -0.0388488, 0, 14.1371, 0)
light_color = Color(1, 0.909804, 0.831373, 1)

[node name="NetworkEventHandler" parent="." instance=ExtResource("1")]

[node name="StaticBody3D" parent="." instance=ExtResource("2")]
transform = Transform3D(1, 0, 0, 0, 1, 0, 0, 0, 1, -0.537915, -0.495863, -8.29133)

[node name="StaticBody3" parent="." instance=ExtResource("2")]
transform = Transform3D(1, 0, 0, 0, 1, 0, 0, 0, 1, 7.15712, -0.495863, -8.83242)

[node name="StaticBody4" parent="." instance=ExtResource("2")]
transform = Transform3D(1, 0, 0, 0, 1, 0, 0, 0, 1, 9.06526, -0.502606, -3.38148)

[node name="StaticBody5" parent="." instance=ExtResource("2")]
transform = Transform3D(1, 0, 0, 0, 1, 0, 0, 0, 1, 9.06526, -0.482351, -6.10886)

[node name="StaticBody6" parent="." instance=ExtResource("2")]
transform = Transform3D(1, 0, 0, 0, 1, 0, 0, 0, 1, 9.06526, -0.47248, -4.68413)

[node name="StaticBody7" parent="." instance=ExtResource("2")]
transform = Transform3D(1, 0, 0, 0, 1, 0, 0, 0, 1, 3.1216, -0.48001, -7.83512)

[node name="PlayerPawn" parent="." instance=ExtResource("3")]
transform = Transform3D(-1, 0, -3.25841e-07, 0, 1, 0, 3.25841e-07, 0, -1, 6.08691, -1.90735e-06, 12.5919)

[node name="Node3D" parent="." instance=ExtResource("4")]
transform = Transform3D(1, 0, 0, 0, 1, 0, 0, 0, 1, 0, -1, 0)

[node name="DesertRockTerrace" parent="." instance=ExtResource("5")]
transform = Transform3D(1, 0, 0, 0, 1, 0, 0, 0, 1, -19.4974, 5.09871, -5.20384)

[node name="DesertRockTerrace13" parent="." instance=ExtResource("5")]
transform = Transform3D(1, 0, 0, 0, 1, 0, 0, 0, 1, -56.7782, 5.09871, 34.1007)

[node name="DesertRockTerrace14" parent="." instance=ExtResource("5")]
transform = Transform3D(-0.98585, 0, -0.167629, 0, 1, 0, 0.167629, 0, -0.98585, -37.0634, 5.09871, 54.8959)

[node name="DesertRockTerrace15" parent="." instance=ExtResource("5")]
transform = Transform3D(-0.0681751, 0, 0.48812, -0.116474, 0.478621, -0.0162678, -0.47402, -0.117605, -0.0662057, -24.5871, 3.41407, 47.889)

[node name="DesertRockTerrace5" parent="." instance=ExtResource("5")]
transform = Transform3D(0.442509, 0, -0.896764, 0, 1, 0, 0.896764, 0, 0.442509, 49.2864, 5.09871, 58.6851)

[node name="DesertRockTerrace6" parent="." instance=ExtResource("5")]
transform = Transform3D(-0.482361, -0.263267, 0.835475, -0.131633, 0.964723, 0.227996, -0.866026, 2.38419e-07, -0.5, 58.2212, 2.6795, 45.215)

[node name="DesertRockTerrace7" parent="." instance=ExtResource("5")]
transform = Transform3D(0.657787, 0.0213932, -0.7529, 0.02808, 0.998205, 0.0528961, 0.752681, -0.0559358, 0.656005, 32.5904, 8.05738, 52.5652)

[node name="DesertRockTerrace8" parent="." instance=ExtResource("5")]
transform = Transform3D(-0.126884, 0, -0.991918, 0, 1, 0, 0.991918, 0, -0.126884, -9.94929, -5.17171, 5.3934)

[node name="DesertRockTerrace2" parent="." instance=ExtResource("5")]
transform = Transform3D(1, 0, 0, 0, 1, 0, 0, 0, 1, -16.1343, 1.33789, -14.4823)

[node name="DesertRockTerrace12" parent="." instance=ExtResource("5")]
transform = Transform3D(0.360023, 0.0736429, 0.114355, -0.185649, 0.182453, 0, -0.189676, -0.0387984, 0.217057, -20.3776, 7.31197, -13.064)

[node name="DesertRockTerrace3" parent="." instance=ExtResource("5")]
transform = Transform3D(0.994601, 0.103367, 0.00914191, -0.10377, 0.990734, 0.0876218, 0, -0.0880974, 0.996112, -3.43633, -0.636879, -20.7379)

[node name="DesertRockTerrace10" parent="." instance=ExtResource("5")]
transform = Transform3D(0.128483, -0.0740063, 0.988947, -0.10377, 0.990734, 0.0876218, -0.986268, -0.113881, 0.119612, 24.8284, -0.636875, -10.3627)

[node name="DesertRockTerrace4" parent="." instance=ExtResource("5")]
transform = Transform3D(0.682486, 0.112567, -0.0201323, -0.113523, 0.681602, -0.0373469, 0.0137546, 0.0401362, 0.690698, 7.53803, -0.643054, -27.1092)

[node name="DesertRockTerrace11" parent="." instance=ExtResource("5")]
transform = Transform3D(-0.360634, -0.0592325, -0.345606, -0.0866908, 0.495442, 0.00554779, 0.33976, 0.063542, -0.365424, 17.9569, -0.159408, -25.043)

[node name="ObjectiveBoard" parent="." instance=ExtResource("7")]
transform = Transform3D(0.128865, 0, 0.991662, 0, 1, 0, -0.991662, 0, 0.128865, -45.8331, 2.35276, 33.0304)

[node name="Lobby" parent="." instance=ExtResource("6")]
transform = Transform3D(0.554452, 0, -0.832215, 0, 1, 0, 0.832215, 0, 0.554452, -25.3467, -1.06683, 24.1989)
